-10 -14908.4
-9.93311 -14606.1
-9.86622 -14308.4
-9.79933 -14015.2
-9.73244 -13726.4
-9.66555 -13442
-9.59866 -13161.9
-9.53177 -12886
-9.46488 -12614.2
-9.39799 -12346.4
-9.3311 -12082.5
-9.26421 -11822.5
-9.19732 -11566.2
-9.13043 -11313.6
-9.06355 -11064.7
-8.99666 -10819.2
-8.92977 -10577.2
-8.86288 -10338.6
-8.79599 -10103.2
-8.7291 -9870.94
-8.66221 -9641.82
-8.59532 -9415.72
-8.52843 -9192.54
-8.46154 -8972.21
-8.39465 -8754.64
-8.32776 -8539.74
-8.26087 -8327.45
-8.19398 -8117.66
-8.12709 -7910.29
-8.0602 -7705.27
-7.99331 -7502.51
-7.92642 -7301.92
-7.85953 -7103.42
-7.79264 -6906.93
-7.72575 -6855.9
-7.65886 -6679.5
-7.59197 -6506.13
-7.52508 -6335.76
-7.45819 -6168.37
-7.3913 -6003.92
-7.32441 -5842.4
-7.25753 -5683.76
-7.19064 -5527.99
-7.12375 -5375.05
-7.05686 -5224.91
-6.98997 -5077.54
-6.92308 -4932.92
-6.85619 -4791.01
-6.7893 -4651.79
-6.72241 -4515.23
-6.65552 -4381.29
-6.58863 -4249.96
-6.52174 -4121.2
-6.45485 -3994.98
-6.38796 -3871.27
-6.32107 -3750.05
-6.25418 -3631.28
-6.18729 -3514.94
-6.1204 -3401
-6.05351 -3289.42
-5.98662 -3180.19
-5.91973 -3073.26
-5.85284 -2968.62
-5.78595 -2866.23
-5.71906 -2766.06
-5.65217 -2668.09
-5.58528 -2572.28
-5.51839 -2493.5
-5.45151 -2403.51
-5.38462 -2315.71
-5.31773 -2230.07
-5.25084 -2146.57
-5.18395 -2065.17
-5.11706 -1985.85
-5.05017 -1908.6
-4.98328 -1833.37
-4.91639 -1760.15
-4.8495 -1688.91
-4.78261 -1619.63
-4.71572 -1552.27
-4.64883 -1486.82
-4.58194 -1423.25
-4.51505 -1361.52
-4.44816 -1301.63
-4.38127 -1243.53
-4.31438 -1187.21
-4.24749 -1132.64
-4.1806 -1079.79
-4.11371 -1028.63
-4.04682 -979.153
-3.97993 -931.318
-3.91304 -885.103
-3.84615 -840.483
-3.77926 -797.432
-3.71237 -755.923
-3.64548 -715.933
-3.5786 -677.433
-3.51171 -640.4
-3.44482 -604.807
-3.37793 -570.628
-3.31104 -534.02
-3.24415 -502.139
-3.17726 -471.557
-3.11037 -442.248
-3.04348 -414.185
-2.97659 -387.339
-2.9097 -361.683
-2.84281 -337.191
-2.77592 -313.834
-2.70903 -291.586
-2.64214 -270.419
-2.57525 -250.305
-2.50836 -231.217
-2.44147 -213.128
-2.37458 -196.01
-2.30769 -179.836
-2.2408 -164.579
-2.17391 -150.211
-2.10702 -136.705
-2.04013 -124.034
-1.97324 -112.169
-1.90635 -101.085
-1.83946 -90.7521
-1.77258 -81.1446
-1.70569 -72.2346
-1.6388 -63.9947
-1.57191 -56.3977
-1.50502 -49.416
-1.43813 -43.0224
-1.37124 -37.1894
-1.30435 -31.8896
-1.23746 -27.0957
-1.17057 -22.7803
-1.10368 -19.4514
-1.03679 -16.0941
-0.9699 -13.1425
-0.90301 -10.5699
-0.83612 -8.34976
-0.769231 -6.4552
-0.702341 -4.85951
-0.635452 -3.53598
-0.568562 -2.45788
-0.501672 -1.59848
-0.434783 -0.931056
-0.367893 -0.428872
-0.301003 -0.0652029
-0.234114 0.186679
-0.167224 0.353501
-0.100334 0.461991
-0.0334448 0.538879
0.0334448 0.610892
0.100334 0.704758
0.167224 0.847205
0.234114 1.06496
0.301003 1.38476
0.367893 1.83331
0.434783 2.43737
0.501672 3.22364
0.568562 4.21887
0.635452 5.44977
0.702341 6.94308
0.769231 8.72553
0.83612 10.8238
0.90301 13.2647
0.9699 16.0749
1.03679 19.2812
1.10368 22.9102
1.17057 26.4267
1.23746 30.9331
1.30435 35.9411
1.37124 41.4777
1.43813 47.5697
1.50502 54.2441
1.57191 61.5277
1.6388 69.4475
1.70569 78.0304
1.77258 87.3032
1.83946 97.293
1.90635 108.027
1.97324 119.531
2.04013 131.833
2.10702 144.96
2.17391 158.938
2.2408 173.794
2.30769 189.556
2.37458 206.25
2.44147 223.903
2.50836 242.542
2.57525 262.194
2.64214 282.886
2.70903 304.645
2.77592 327.498
2.84281 351.471
2.9097 376.591
2.97659 402.886
3.04348 430.383
3.11037 459.107
3.17726 489.087
3.24415 520.349
3.31104 552.92
3.37793 588.36
3.44482 623.809
3.51171 660.662
3.5786 698.946
3.64548 738.689
3.71237 779.918
3.77926 822.661
3.84615 866.945
3.91304 912.797
3.97993 960.246
4.04682 1009.32
4.11371 1060.04
4.1806 1112.44
4.24749 1166.55
4.31438 1222.39
4.38127 1279.99
4.44816 1339.38
4.51505 1400.58
4.58194 1463.63
4.64883 1528.55
4.71572 1595.36
4.78261 1664.1
4.8495 1734.8
4.91639 1807.47
4.98328 1882.15
5.05017 1958.87
5.11706 2037.65
5.18395 2118.52
5.25084 2201.5
5.31773 2286.63
5.38462 2373.94
5.45151 2463.44
5.51839 2555.17
5.58528 2647.04
5.65217 2743.01
5.71906 2841.27
5.78595 2941.82
5.85284 3044.71
5.91973 3149.95
5.98662 3257.58
6.05351 3367.61
6.1204 3480.07
6.18729 3594.99
6.25418 3712.4
6.32107 3832.31
6.38796 3954.75
6.45485 4079.76
6.52174 4207.35
6.58863 4337.55
6.65552 4470.39
6.72241 4605.89
6.7893 4744.08
6.85619 4884.98
6.92308 5028.61
6.98997 5175.01
7.05686 5324.2
7.12375 5476.21
7.19064 5631.05
7.25753 5788.76
7.32441 5949.36
7.3913 6112.88
7.45819 6279.34
7.52508 6448.77
7.59197 6621.19
7.65886 6796.63
7.72575 6975.11
7.79264 7157.04
7.85953 7341.92
7.92642 7529.97
7.99331 7721.24
8.0602 7915.74
8.12709 8113.52
8.19398 8314.6
8.26087 8519.02
8.32776 8726.81
8.39465 8938
8.46154 9152.63
8.52843 9370.73
8.59532 9592.32
8.66221 9817.45
8.7291 10046.1
8.79599 10278.4
8.86288 10514.4
8.92977 10754
8.99666 10997.2
9.06355 11244.2
9.13043 11495
9.19732 11749.6
9.26421 12008
9.3311 12270.2
9.39799 12536.4
9.46488 12806.4
9.53177 13080.4
9.59866 13358.5
9.66555 13640.5
9.73244 13926.6
9.79933 14216.7
9.86622 14511
9.93311 14809.5
10 15112.1
