-5 36968.7
-4.89899 37035.9
-4.79798 37103.2
-4.69697 37170.4
-4.59596 37237.7
-4.49495 37305
-4.39394 37372.2
-4.29293 37439.5
-4.19192 37506.7
-4.09091 37574
-3.9899 37641.2
-3.88889 37708.5
-3.78788 37775.7
-3.68687 37843
-3.58586 37910.2
-3.48485 37977.5
-3.38384 38044.7
-3.28283 38112
-3.18182 38179.2
-3.08081 38246.5
-2.9798 38313.8
-2.87879 38381
-2.77778 38448.3
-2.67677 38515.5
-2.57576 38582.8
-2.47475 38650
-2.37374 38717.3
-2.27273 38784.5
-2.17172 38851.8
-2.07071 38919
-1.9697 38986.3
-1.86869 39053.5
-1.76768 39120.8
-1.66667 39188
-1.56566 39255.3
-1.46465 39322.5
-1.36364 39389.8
-1.26263 39457.1
-1.16162 39524.3
-1.06061 39591.6
-0.959596 39658.8
-0.858586 39726.1
-0.757576 39793.3
-0.656566 39860.6
-0.555556 39927.8
-0.454545 39995.1
-0.353535 40062.3
-0.252525 40129.6
-0.151515 40196.8
-0.0505051 40264.1
0.0505051 40331.3
0.151515 40398.6
0.252525 40465.9
0.353535 40533.1
0.454545 40600.4
0.555556 40667.6
0.656566 40734.9
0.757576 40802.1
0.858586 40869.4
0.959596 40936.6
1.06061 41003.9
1.16162 41071.1
1.26263 41138.4
1.36364 41205.6
1.46465 41272.9
1.56566 41340.1
1.66667 41407.4
1.76768 41474.7
1.86869 41541.9
1.9697 41609.2
2.07071 41676.4
2.17172 41743.7
2.27273 41810.9
2.37374 41878.2
2.47475 41945.4
2.57576 42012.7
2.67677 42079.9
2.77778 42147.2
2.87879 42214.4
2.9798 42281.7
3.08081 42348.9
3.18182 42416.2
3.28283 42483.4
3.38384 42550.7
3.48485 42618
3.58586 42685.2
3.68687 42752.5
3.78788 42819.7
3.88889 42887
3.9899 42954.2
4.09091 43021.5
4.19192 43088.7
4.29293 43156
4.39394 43223.2
4.49495 43290.5
4.59596 43357.7
4.69697 43425
4.79798 43492.2
4.89899 43559.5
5 43626.8
