-100 -3.53421e+09
-94.8949 -3.16446e+09
-89.7898 -2.81347e+09
-84.6847 -2.48063e+09
-79.5796 -2.16531e+09
-74.4745 -1.86689e+09
-69.3694 -1.58475e+09
-64.2643 -1.31827e+09
-59.1592 -1.06683e+09
-54.0541 -8.29816e+08
-48.9489 -6.06597e+08
-43.8438 -3.96556e+08
-38.7387 -1.99073e+08
-33.6336 -1.3527e+07
-28.5285 1.60702e+08
-23.4234 3.24236e+08
-18.3183 4.77694e+08
-13.2132 6.21697e+08
-8.10811 7.56867e+08
-3.003 8.83822e+08
2.1021 1.00318e+09
7.20721 1.11558e+09
12.3123 1.22161e+09
17.4174 1.32192e+09
22.5225 1.41712e+09
27.6276 1.50782e+09
32.7327 1.59466e+09
37.8378 1.67825e+09
42.9429 1.75921e+09
48.048 1.83816e+09
53.1532 1.91573e+09
58.2583 1.99253e+09
63.3634 2.06918e+09
68.4685 2.14631e+09
73.5736 2.22453e+09
78.6787 2.30447e+09
83.7838 2.38675e+09
88.8889 2.47198e+09
93.994 2.56079e+09
99.0991 2.6538e+09
104.204 2.75163e+09
109.309 2.8549e+09
114.414 2.96422e+09
119.52 3.08023e+09
124.625 3.20354e+09
129.73 3.33477e+09
134.835 3.47455e+09
139.94 3.62348e+09
145.045 3.7822e+09
150.15 3.95133e+09
155.255 4.13148e+09
160.36 4.32327e+09
165.465 4.52734e+09
170.571 4.74428e+09
175.676 4.97474e+09
180.781 5.21932e+09
185.886 5.47865e+09
190.991 5.75335e+09
196.096 6.04404e+09
201.201 6.35134e+09
206.306 6.67588e+09
211.411 7.01826e+09
216.517 7.37911e+09
221.622 7.75906e+09
226.727 8.15872e+09
231.832 8.57872e+09
236.937 9.01966e+09
242.042 9.48219e+09
247.147 9.96691e+09
252.252 1.04744e+10
257.357 1.10054e+10
262.462 1.15604e+10
267.568 1.21402e+10
272.673 1.27452e+10
277.778 1.33761e+10
282.883 1.40335e+10
287.988 1.47182e+10
293.093 1.54306e+10
298.198 1.61714e+10
303.303 1.69412e+10
308.408 1.77407e+10
313.514 1.85704e+10
318.619 1.9431e+10
323.724 2.03232e+10
328.829 2.12474e+10
333.934 2.22044e+10
339.039 2.31948e+10
344.144 2.42191e+10
349.249 2.52781e+10
354.354 2.63723e+10
359.459 2.75023e+10
364.565 2.86688e+10
369.67 2.98724e+10
374.775 3.11137e+10
379.88 3.23933e+10
384.985 3.37119e+10
390.09 3.50701e+10
395.195 3.64684e+10
400.3 3.79076e+10
405.405 3.93882e+10
410.511 4.09108e+10
415.616 4.24762e+10
420.721 4.40848e+10
425.826 4.57373e+10
430.931 4.74344e+10
436.036 4.91766e+10
441.141 5.09646e+10
446.246 5.27991e+10
451.351 5.46805e+10
456.456 5.66096e+10
461.562 5.85869e+10
466.667 6.06131e+10
471.772 2.94249e+08
476.877 3.45459e+08
481.982 3.99115e+08
487.087 4.55212e+08
492.192 5.13745e+08
497.297 5.7471e+08
502.402 6.38104e+08
507.508 7.0392e+08
512.613 7.72155e+08
517.718 8.42804e+08
522.823 9.15864e+08
527.928 9.91328e+08
533.033 1.06919e+09
538.138 1.14946e+09
543.243 1.23211e+09
548.348 1.31715e+09
553.453 1.40458e+09
558.559 1.49438e+09
563.664 1.58656e+09
568.769 1.6811e+09
573.874 1.77801e+09
578.979 1.87729e+09
584.084 1.97892e+09
589.189 2.0829e+09
594.294 2.18923e+09
599.399 2.2979e+09
604.505 2.40891e+09
609.61 2.52225e+09
614.715 2.63793e+09
619.82 2.75592e+09
624.925 2.87624e+09
630.03 2.99888e+09
635.135 3.12383e+09
640.24 3.25108e+09
645.345 3.38064e+09
650.45 3.51249e+09
655.556 3.64664e+09
660.661 3.78308e+09
665.766 3.9218e+09
670.871 4.06281e+09
675.976 4.20609e+09
681.081 4.35164e+09
686.186 4.49946e+09
691.291 4.64954e+09
696.396 4.80188e+09
701.502 4.95648e+09
706.607 5.11332e+09
711.712 5.27241e+09
716.817 5.43373e+09
721.922 5.5973e+09
727.027 5.76309e+09
732.132 5.93112e+09
737.237 6.10136e+09
742.342 6.27382e+09
747.447 6.4485e+09
752.553 6.62539e+09
757.658 6.80448e+09
762.763 6.98577e+09
767.868 7.16925e+09
772.973 7.35493e+09
778.078 7.5428e+09
783.183 7.73284e+09
788.288 7.92507e+09
793.393 8.11947e+09
798.498 8.31603e+09
803.604 8.51477e+09
808.709 8.71566e+09
813.814 8.9187e+09
818.919 9.1239e+09
824.024 9.33125e+09
829.129 9.54074e+09
834.234 9.75236e+09
839.339 9.96612e+09
844.444 1.0182e+10
849.55 1.04e+10
854.655 1.06202e+10
859.76 1.08424e+10
864.865 1.10668e+10
869.97 1.12932e+10
875.075 1.15218e+10
880.18 1.17525e+10
885.285 1.19852e+10
890.39 1.22201e+10
895.495 1.2457e+10
900.601 1.2696e+10
905.706 1.29371e+10
910.811 1.31802e+10
915.916 1.34255e+10
921.021 1.36728e+10
926.126 1.39221e+10
931.231 1.41735e+10
936.336 1.44269e+10
941.441 1.46824e+10
946.547 1.494e+10
951.652 1.51995e+10
956.757 1.54611e+10
961.862 1.57247e+10
966.967 1.59904e+10
972.072 1.6258e+10
977.177 1.65277e+10
982.282 1.67994e+10
987.387 1.70731e+10
992.492 1.73488e+10
997.598 1.76264e+10
1002.7 1.79061e+10
1007.81 1.81878e+10
1012.91 1.84714e+10
1018.02 1.8757e+10
1023.12 1.90446e+10
1028.23 1.93342e+10
1033.33 1.96257e+10
1038.44 1.79466e+10
1043.54 1.81963e+10
1048.65 1.84477e+10
1053.75 1.87008e+10
1058.86 1.89556e+10
1063.96 1.9212e+10
1069.07 1.94702e+10
1074.17 1.97301e+10
1079.28 1.99918e+10
1084.38 2.02551e+10
1089.49 2.05203e+10
1094.59 2.07872e+10
1099.7 2.10559e+10
1104.8 2.13264e+10
1109.91 2.15987e+10
1115.02 2.18729e+10
1120.12 2.21489e+10
1125.23 2.24267e+10
1130.33 2.27064e+10
1135.44 2.2988e+10
1140.54 2.32714e+10
1145.65 2.35568e+10
1150.75 2.38441e+10
1155.86 2.41333e+10
1160.96 2.44244e+10
1166.07 2.47175e+10
1171.17 2.50126e+10
1176.28 2.53096e+10
1181.38 2.56086e+10
1186.49 2.59097e+10
1191.59 2.62127e+10
1196.7 2.65178e+10
1201.8 2.68249e+10
1206.91 2.71341e+10
1212.01 2.74453e+10
1217.12 2.77586e+10
1222.22 2.8074e+10
1227.33 2.83915e+10
1232.43 2.87111e+10
1237.54 2.90329e+10
1242.64 2.93568e+10
1247.75 2.96828e+10
1252.85 3.00111e+10
1257.96 3.03415e+10
1263.06 3.06741e+10
1268.17 3.10088e+10
1273.27 3.13459e+10
1278.38 3.16851e+10
1283.48 3.20266e+10
1288.59 3.23703e+10
1293.69 3.27164e+10
1298.8 3.30647e+10
1303.9 3.34153e+10
1309.01 3.37682e+10
1314.11 3.41234e+10
1319.22 3.44809e+10
1324.32 3.48408e+10
1329.43 3.52031e+10
1334.53 3.55677e+10
1339.64 3.59347e+10
1344.74 3.63041e+10
1349.85 3.66759e+10
1354.95 3.70502e+10
1360.06 3.74268e+10
1365.17 3.78059e+10
1370.27 3.81875e+10
1375.38 3.85716e+10
1380.48 3.89581e+10
1385.59 3.93471e+10
1390.69 3.97387e+10
1395.8 4.01327e+10
1400.9 4.05293e+10
1406.01 4.09285e+10
1411.11 4.13302e+10
1416.22 4.17345e+10
1421.32 4.21413e+10
1426.43 4.25508e+10
1431.53 4.29629e+10
1436.64 4.33776e+10
1441.74 4.37949e+10
1446.85 4.42149e+10
1451.95 4.46376e+10
1457.06 4.50629e+10
1462.16 4.54909e+10
1467.27 4.59216e+10
1472.37 4.6355e+10
1477.48 4.67912e+10
1482.58 4.72301e+10
1487.69 4.76717e+10
1492.79 4.81161e+10
1497.9 4.85633e+10
1503 4.90133e+10
1508.11 4.94661e+10
1513.21 4.99217e+10
1518.32 5.03801e+10
1523.42 5.08413e+10
1528.53 5.13054e+10
1533.63 5.17724e+10
1538.74 5.22423e+10
1543.84 5.2715e+10
1548.95 5.31907e+10
1554.05 5.36692e+10
1559.16 5.41507e+10
1564.26 5.46351e+10
1569.37 5.51225e+10
1574.47 5.56129e+10
1579.58 5.61062e+10
1584.68 5.66026e+10
1589.79 5.71019e+10
1594.89 5.76042e+10
1600 5.81096e+10
1605.11 6.05194e+10
1610.21 6.10909e+10
1615.32 6.16668e+10
1620.42 6.2247e+10
1625.53 6.28316e+10
1630.63 6.34205e+10
1635.74 6.40138e+10
1640.84 6.46115e+10
1645.95 6.52137e+10
1651.05 6.58203e+10
1656.16 6.64313e+10
1661.26 6.70469e+10
1666.37 6.7667e+10
1671.47 6.82916e+10
1676.58 6.89208e+10
1681.68 6.95546e+10
1686.79 7.0193e+10
1691.89 7.0836e+10
1697 7.14837e+10
1702.1 7.21361e+10
1707.21 7.27931e+10
1712.31 7.34549e+10
1717.42 7.41214e+10
1722.52 7.47926e+10
1727.63 7.54687e+10
1732.73 7.61496e+10
1737.84 7.68352e+10
1742.94 7.75258e+10
1748.05 7.82212e+10
1753.15 7.89215e+10
1758.26 7.96267e+10
1763.36 8.03368e+10
1768.47 8.1052e+10
1773.57 8.1772e+10
1778.68 8.24971e+10
1783.78 8.32273e+10
1788.89 8.39624e+10
1793.99 8.47027e+10
1799.1 8.5448e+10
1804.2 8.61985e+10
1809.31 8.69541e+10
1814.41 8.77148e+10
1819.52 8.84807e+10
1824.62 8.92518e+10
1829.73 9.00282e+10
1834.83 9.08098e+10
1839.94 9.15967e+10
1845.05 9.23888e+10
1850.15 9.31863e+10
1855.26 9.39891e+10
1860.36 9.47972e+10
1865.47 9.56108e+10
1870.57 9.64297e+10
1875.68 9.72541e+10
1880.78 9.80839e+10
1885.89 9.89191e+10
1890.99 9.97599e+10
1896.1 1.00606e+11
1901.2 1.01458e+11
1906.31 1.02315e+11
1911.41 1.03178e+11
1916.52 1.04047e+11
1921.62 1.04921e+11
1926.73 1.05801e+11
1931.83 1.06686e+11
1936.94 1.07577e+11
1942.04 1.08474e+11
1947.15 1.09377e+11
1952.25 1.10285e+11
1957.36 1.11199e+11
1962.46 1.12119e+11
1967.57 1.13045e+11
1972.67 1.13976e+11
1977.78 1.14914e+11
1982.88 1.15857e+11
1987.99 1.16806e+11
1993.09 1.17761e+11
1998.2 1.18722e+11
2003.3 1.19689e+11
2008.41 1.20663e+11
2013.51 1.21642e+11
2018.62 1.22627e+11
2023.72 1.23618e+11
2028.83 1.24615e+11
2033.93 1.25619e+11
2039.04 1.26628e+11
2044.14 1.27644e+11
2049.25 1.28665e+11
2054.35 1.29693e+11
2059.46 1.30728e+11
2064.56 1.31768e+11
2069.67 1.32815e+11
2074.77 1.33868e+11
2079.88 1.34927e+11
2084.98 1.35993e+11
2090.09 1.37065e+11
2095.2 1.38143e+11
2100.3 1.39228e+11
2105.41 1.40319e+11
2110.51 1.41416e+11
2115.62 1.4252e+11
2120.72 1.43631e+11
2125.83 1.44748e+11
2130.93 1.45871e+11
2136.04 1.47001e+11
2141.14 1.48138e+11
2146.25 1.49281e+11
2151.35 1.50431e+11
2156.46 1.51588e+11
2161.56 1.52751e+11
2166.67 1.5392e+11
2171.77 1.53481e+11
2176.88 1.54606e+11
2181.98 1.55736e+11
2187.09 1.56871e+11
2192.19 1.58011e+11
2197.3 1.59157e+11
2202.4 1.60308e+11
2207.51 1.61464e+11
2212.61 1.62625e+11
2217.72 1.63792e+11
2222.82 1.64964e+11
2227.93 1.66141e+11
2233.03 1.67323e+11
2238.14 1.6851e+11
2243.24 1.69702e+11
2248.35 1.709e+11
2253.45 1.72103e+11
2258.56 1.73311e+11
2263.66 1.74524e+11
2268.77 1.75743e+11
2273.87 1.76966e+11
2278.98 1.78195e+11
2284.08 1.79429e+11
2289.19 1.80668e+11
2294.29 1.81912e+11
2299.4 1.83162e+11
2304.5 1.84416e+11
2309.61 1.85676e+11
2314.71 1.86941e+11
2319.82 1.88211e+11
2324.92 1.89487e+11
2330.03 1.90767e+11
2335.14 1.92053e+11
2340.24 1.93343e+11
2345.35 1.94639e+11
2350.45 1.9594e+11
2355.56 1.97247e+11
2360.66 1.98558e+11
2365.77 1.99875e+11
2370.87 2.01196e+11
2375.98 2.02523e+11
2381.08 2.03855e+11
2386.19 2.05192e+11
2391.29 2.06534e+11
2396.4 2.07882e+11
2401.5 2.09234e+11
2406.61 2.10592e+11
2411.71 2.11955e+11
2416.82 2.13323e+11
2421.92 2.14696e+11
2427.03 2.16074e+11
2432.13 2.17457e+11
2437.24 2.18846e+11
2442.34 2.20239e+11
2447.45 2.21638e+11
2452.55 2.23042e+11
2457.66 2.24451e+11
2462.76 2.25865e+11
2467.87 2.27284e+11
2472.97 2.28708e+11
2478.08 2.30137e+11
2483.18 2.31572e+11
2488.29 2.33011e+11
2493.39 2.34456e+11
2498.5 2.35906e+11
2503.6 2.37361e+11
2508.71 2.38821e+11
2513.81 2.40286e+11
2518.92 2.41756e+11
2524.02 2.43231e+11
2529.13 2.44712e+11
2534.23 2.46197e+11
2539.34 2.47688e+11
2544.44 2.49183e+11
2549.55 2.50684e+11
2554.65 2.5219e+11
2559.76 2.53701e+11
2564.86 2.55216e+11
2569.97 2.56738e+11
2575.08 2.58264e+11
2580.18 2.59795e+11
2585.29 2.61331e+11
2590.39 2.62872e+11
2595.5 2.64419e+11
2600.6 2.6597e+11
2605.71 2.67527e+11
2610.81 2.69088e+11
2615.92 2.70655e+11
2621.02 2.72227e+11
2626.13 2.73803e+11
2631.23 2.75385e+11
2636.34 2.76972e+11
2641.44 2.78564e+11
2646.55 2.80161e+11
2651.65 2.81763e+11
2656.76 2.8337e+11
2661.86 2.84982e+11
2666.97 2.86599e+11
2672.07 2.88221e+11
2677.18 2.89849e+11
2682.28 2.91481e+11
2687.39 2.93118e+11
2692.49 2.9476e+11
2697.6 2.96408e+11
2702.7 2.9806e+11
2707.81 2.99718e+11
2712.91 3.0138e+11
2718.02 3.03048e+11
2723.12 3.0472e+11
2728.23 3.06398e+11
2733.33 3.0808e+11
2738.44 3.09964e+11
2743.54 3.11669e+11
2748.65 3.1338e+11
2753.75 3.15097e+11
2758.86 3.16819e+11
2763.96 3.18547e+11
2769.07 3.20281e+11
2774.17 3.2202e+11
2779.28 3.23765e+11
2784.38 3.25516e+11
2789.49 3.27272e+11
2794.59 3.29034e+11
2799.7 3.30802e+11
2804.8 3.32576e+11
2809.91 3.34356e+11
2815.02 3.36141e+11
2820.12 3.37932e+11
2825.23 3.39729e+11
2830.33 3.41532e+11
2835.44 3.43341e+11
2840.54 3.45155e+11
2845.65 3.46976e+11
2850.75 3.48802e+11
2855.86 3.50634e+11
2860.96 3.52473e+11
2866.07 3.54317e+11
2871.17 3.56167e+11
2876.28 3.58023e+11
2881.38 3.59885e+11
2886.49 3.61754e+11
2891.59 3.63628e+11
2896.7 3.65508e+11
2901.8 3.67395e+11
2906.91 3.69287e+11
2912.01 3.71186e+11
2917.12 3.7309e+11
2922.22 3.75001e+11
2927.33 3.76918e+11
2932.43 3.78841e+11
2937.54 3.80771e+11
2942.64 3.82706e+11
2947.75 3.84648e+11
2952.85 3.86596e+11
2957.96 3.8855e+11
2963.06 3.90511e+11
2968.17 3.92478e+11
2973.27 3.94451e+11
2978.38 3.9643e+11
2983.48 3.98416e+11
2988.59 4.00408e+11
2993.69 4.02406e+11
2998.8 4.04411e+11
3003.9 4.06422e+11
3009.01 4.08439e+11
3014.11 4.10463e+11
3019.22 4.12494e+11
3024.32 4.1453e+11
3029.43 4.16574e+11
3034.53 4.18623e+11
3039.64 4.2068e+11
3044.74 4.22742e+11
3049.85 4.24812e+11
3054.95 4.26887e+11
3060.06 4.2897e+11
3065.17 4.31059e+11
3070.27 4.33154e+11
3075.38 4.35256e+11
3080.48 4.37365e+11
3085.59 4.3948e+11
3090.69 4.41602e+11
3095.8 4.43731e+11
3100.9 4.45866e+11
3106.01 4.48008e+11
3111.11 4.50157e+11
3116.22 4.52313e+11
3121.32 4.54475e+11
3126.43 4.56644e+11
3131.53 4.5882e+11
3136.64 4.61002e+11
3141.74 4.63192e+11
3146.85 4.65388e+11
3151.95 4.67591e+11
3157.06 4.69801e+11
3162.16 4.72017e+11
3167.27 4.74241e+11
3172.37 4.76471e+11
3177.48 4.78709e+11
3182.58 4.80953e+11
3187.69 4.83204e+11
3192.79 4.85463e+11
3197.9 4.87728e+11
3203 4.9e+11
3208.11 4.92279e+11
3213.21 4.94566e+11
3218.32 4.96859e+11
3223.42 4.99159e+11
3228.53 5.01467e+11
3233.63 5.03781e+11
3238.74 5.06103e+11
3243.84 5.08431e+11
3248.95 5.10767e+11
3254.05 5.1311e+11
3259.16 5.1546e+11
3264.26 5.17818e+11
3269.37 5.20182e+11
3274.47 5.22554e+11
3279.58 5.24933e+11
3284.68 5.27319e+11
3289.79 5.29713e+11
3294.89 5.32113e+11
3300 5.34521e+11
3305.11 5.38723e+11
3310.21 5.41206e+11
3315.32 5.43698e+11
3320.42 5.46198e+11
3325.53 5.48707e+11
3330.63 5.51225e+11
3335.74 5.53752e+11
3340.84 5.56288e+11
3345.95 5.58833e+11
3351.05 5.61386e+11
3356.16 5.63949e+11
3361.26 5.6652e+11
3366.37 5.69101e+11
3371.47 5.7169e+11
3376.58 5.74289e+11
3381.68 5.76897e+11
3386.79 5.79514e+11
3391.89 5.8214e+11
3397 5.84776e+11
3402.1 5.8742e+11
3407.21 5.90074e+11
3412.31 5.92737e+11
3417.42 5.9541e+11
3422.52 5.98092e+11
3427.63 6.00783e+11
3432.73 6.03484e+11
3437.84 6.06194e+11
3442.94 6.08913e+11
3448.05 6.11643e+11
3453.15 6.14381e+11
3458.26 6.17129e+11
3463.36 6.19887e+11
3468.47 6.22655e+11
3473.57 6.25432e+11
3478.68 6.28219e+11
3483.78 6.31015e+11
3488.89 6.33822e+11
3493.99 6.36638e+11
3499.1 6.39464e+11
3504.2 6.423e+11
3509.31 6.45145e+11
3514.41 6.48001e+11
3519.52 6.50866e+11
3524.62 6.53742e+11
3529.73 6.56627e+11
3534.83 6.59523e+11
3539.94 6.62428e+11
3545.05 6.65344e+11
3550.15 6.6827e+11
3555.26 6.71205e+11
3560.36 6.74152e+11
3565.47 6.77108e+11
3570.57 6.80074e+11
3575.68 6.83051e+11
3580.78 6.86038e+11
3585.89 6.89036e+11
3590.99 6.92044e+11
3596.1 6.95062e+11
3601.2 6.9809e+11
3606.31 7.0113e+11
3611.41 7.04179e+11
3616.52 7.07239e+11
3621.62 7.1031e+11
3626.73 7.13391e+11
3631.83 7.16483e+11
3636.94 7.19585e+11
3642.04 7.22698e+11
3647.15 7.25822e+11
3652.25 7.28957e+11
3657.36 7.32102e+11
3662.46 7.35258e+11
3667.57 7.38425e+11
3672.67 7.41603e+11
3677.78 7.44791e+11
3682.88 7.47991e+11
3687.99 7.51201e+11
3693.09 7.54423e+11
3698.2 7.57655e+11
3703.3 7.60899e+11
3708.41 7.64153e+11
3713.51 7.67419e+11
3718.62 7.70696e+11
3723.72 7.73984e+11
3728.83 7.77283e+11
3733.93 7.80593e+11
3739.04 7.83914e+11
3744.14 7.87247e+11
3749.25 7.90591e+11
3754.35 7.93947e+11
3759.46 7.97314e+11
3764.56 8.00692e+11
3769.67 8.04082e+11
3774.77 8.07483e+11
3779.88 8.10895e+11
3784.98 8.14319e+11
3790.09 8.17755e+11
3795.2 8.21202e+11
3800.3 8.24661e+11
3805.41 8.28132e+11
3810.51 8.31614e+11
3815.62 8.35108e+11
3820.72 8.38613e+11
3825.83 8.4213e+11
3830.93 8.4566e+11
3836.04 8.49201e+11
3841.14 8.52753e+11
3846.25 8.56318e+11
3851.35 8.59895e+11
3856.46 8.63483e+11
3861.56 8.67084e+11
3866.67 8.70696e+11
3871.77 8.71815e+11
3876.88 8.75353e+11
3881.98 8.78899e+11
3887.09 8.82454e+11
3892.19 8.86018e+11
3897.3 8.89592e+11
3902.4 8.93174e+11
3907.51 8.96765e+11
3912.61 9.00365e+11
3917.72 9.03974e+11
3922.82 9.07592e+11
3927.93 9.11219e+11
3933.03 9.14854e+11
3938.14 9.18498e+11
3943.24 9.22151e+11
3948.35 9.25813e+11
3953.45 9.29483e+11
3958.56 9.33162e+11
3963.66 9.3685e+11
3968.77 9.40546e+11
3973.87 9.44251e+11
3978.98 9.47964e+11
3984.08 9.51686e+11
3989.19 9.55416e+11
3994.29 9.59155e+11
3999.4 9.62902e+11
4004.5 9.66657e+11
4009.61 9.70421e+11
4014.71 9.74193e+11
4019.82 9.77974e+11
4024.92 9.81763e+11
4030.03 9.8556e+11
4035.14 9.89365e+11
4040.24 9.93178e+11
4045.35 9.96999e+11
4050.45 1.00083e+12
4055.56 1.00467e+12
4060.66 1.00851e+12
4065.77 1.01237e+12
4070.87 1.01623e+12
4075.98 1.0201e+12
4081.08 1.02398e+12
4086.19 1.02786e+12
4091.29 1.03175e+12
4096.4 1.03566e+12
4101.5 1.03956e+12
4106.61 1.04348e+12
4111.71 1.04741e+12
4116.82 1.05134e+12
4121.92 1.05528e+12
4127.03 1.05923e+12
4132.13 1.06318e+12
4137.24 1.06714e+12
4142.34 1.07112e+12
4147.45 1.07509e+12
4152.55 1.07908e+12
4157.66 1.08307e+12
4162.76 1.08707e+12
4167.87 1.09108e+12
4172.97 1.0951e+12
4178.08 1.09912e+12
4183.18 1.10315e+12
4188.29 1.10719e+12
4193.39 1.11123e+12
4198.5 1.11528e+12
4203.6 1.11934e+12
4208.71 1.12341e+12
4213.81 1.12748e+12
4218.92 1.13157e+12
4224.02 1.13565e+12
4229.13 1.13975e+12
4234.23 1.14385e+12
4239.34 1.14796e+12
4244.44 1.15208e+12
4249.55 1.1562e+12
4254.65 1.16033e+12
4259.76 1.16447e+12
4264.86 1.16861e+12
4269.97 1.17276e+12
4275.08 1.17692e+12
4280.18 1.18108e+12
4285.29 1.18525e+12
4290.39 1.18943e+12
4295.5 1.19362e+12
4300.6 1.19781e+12
4305.71 1.202e+12
4310.81 1.20621e+12
4315.92 1.21042e+12
4321.02 1.21464e+12
4326.13 1.21886e+12
4331.23 1.22309e+12
4336.34 1.22733e+12
4341.44 1.23157e+12
4346.55 1.23582e+12
4351.65 1.24008e+12
4356.76 1.24434e+12
4361.86 1.24861e+12
4366.97 1.25289e+12
4372.07 1.25717e+12
4377.18 1.26146e+12
4382.28 1.26575e+12
4387.39 1.27005e+12
4392.49 1.27436e+12
4397.6 1.27867e+12
4402.7 1.28299e+12
4407.81 1.28731e+12
4412.91 1.29164e+12
4418.02 1.29598e+12
4423.12 1.30032e+12
4428.23 1.30467e+12
4433.33 1.30902e+12
4438.44 1.3131e+12
4443.54 1.31751e+12
4448.65 1.32192e+12
4453.75 1.32634e+12
4458.86 1.33077e+12
4463.96 1.33521e+12
4469.07 1.33967e+12
4474.17 1.34413e+12
4479.28 1.3486e+12
4484.38 1.35308e+12
4489.49 1.35757e+12
4494.59 1.36208e+12
4499.7 1.36659e+12
4504.8 1.37111e+12
4509.91 1.37565e+12
4515.02 1.3802e+12
4520.12 1.38475e+12
4525.23 1.38932e+12
4530.33 1.3939e+12
4535.44 1.3985e+12
4540.54 1.4031e+12
4545.65 1.40772e+12
4550.75 1.41234e+12
4555.86 1.41698e+12
4560.96 1.42164e+12
4566.07 1.4263e+12
4571.17 1.43098e+12
4576.28 1.43567e+12
4581.38 1.44037e+12
4586.49 1.44509e+12
4591.59 1.44982e+12
4596.7 1.45456e+12
4601.8 1.45931e+12
4606.91 1.46408e+12
4612.01 1.46887e+12
4617.12 1.47366e+12
4622.22 1.47847e+12
4627.33 1.4833e+12
4632.43 1.48814e+12
4637.54 1.49299e+12
4642.64 1.49785e+12
4647.75 1.50274e+12
4652.85 1.50763e+12
4657.96 1.51254e+12
4663.06 1.51747e+12
4668.17 1.52241e+12
4673.27 1.52737e+12
4678.38 1.53234e+12
4683.48 1.53733e+12
4688.59 1.54233e+12
4693.69 1.54735e+12
4698.8 1.55238e+12
4703.9 1.55743e+12
4709.01 1.5625e+12
4714.11 1.56758e+12
4719.22 1.57268e+12
4724.32 1.5778e+12
4729.43 1.58293e+12
4734.53 1.58808e+12
4739.64 1.59325e+12
4744.74 1.59843e+12
4749.85 1.60363e+12
4754.95 1.60885e+12
4760.06 1.61409e+12
4765.17 1.61934e+12
4770.27 1.62461e+12
4775.38 1.6299e+12
4780.48 1.6352e+12
4785.59 1.64053e+12
4790.69 1.64587e+12
4795.8 1.65124e+12
4800.9 1.65662e+12
4806.01 1.66201e+12
4811.11 1.66743e+12
4816.22 1.67287e+12
4821.32 1.67832e+12
4826.43 1.6838e+12
4831.53 1.68929e+12
4836.64 1.69481e+12
4841.74 1.70034e+12
4846.85 1.7059e+12
4851.95 1.71147e+12
4857.06 1.71706e+12
4862.16 1.72267e+12
4867.27 1.72831e+12
4872.37 1.73396e+12
4877.48 1.73964e+12
4882.58 1.74533e+12
4887.69 1.75105e+12
4892.79 1.75679e+12
4897.9 1.76254e+12
4903 1.76832e+12
4908.11 1.77412e+12
4913.21 1.77995e+12
4918.32 1.78579e+12
4923.42 1.79166e+12
4928.53 1.79754e+12
4933.63 1.80345e+12
4938.74 1.80938e+12
4943.84 1.81534e+12
4948.95 1.82132e+12
4954.05 1.82731e+12
4959.16 1.83334e+12
4964.26 1.83938e+12
4969.37 1.84545e+12
4974.47 1.85154e+12
4979.58 1.85765e+12
4984.68 1.86379e+12
4989.79 1.86995e+12
4994.89 1.87613e+12
5000 1.88234e+12
