5.1 6813.92
5.10201 6810.82
5.10401 6809.22
5.10602 6809.21
5.10803 6810.9
5.11003 6814.38
5.11204 6819.76
5.11405 6827.06
5.11605 6836.22
5.11806 6847.18
5.12007 6859.87
5.12207 6874.22
5.12408 6890.19
5.12609 6907.69
5.12809 6926.67
5.1301 6947.06
5.13211 6968.8
5.13411 6991.83
5.13612 7016.09
5.13813 7041.5
5.14013 7068
5.14214 7095.54
5.14415 7124.05
5.14615 7153.46
5.14816 7183.71
5.15017 7214.73
5.15217 7246.47
5.15418 7278.86
5.15619 7311.84
5.15819 7345.33
5.1602 7379.28
5.16221 7413.63
5.16421 7448.31
5.16622 7483.25
5.16823 7518.4
5.17023 7553.69
5.17224 7589.05
5.17425 7624.43
5.17625 7659.75
5.17826 7694.96
5.18027 7729.99
5.18227 7764.78
5.18428 7799.25
5.18629 7833.36
5.18829 7867.04
5.1903 7900.22
5.19231 7932.83
5.19431 7964.82
5.19632 7996.12
5.19833 8026.67
5.20033 8056.41
5.20234 8085.26
5.20435 8113.17
5.20635 8140.07
5.20836 8165.9
5.21037 8190.6
5.21237 8214.09
5.21438 8236.33
5.21639 8257.24
5.21839 8276.75
5.2204 8294.82
5.22241 8311.37
5.22441 8326.36
5.22642 8339.84
5.22843 8351.85
5.23043 8362.46
5.23244 8371.71
5.23445 8379.66
5.23645 8386.36
5.23846 8391.87
5.24047 8396.23
5.24247 8399.52
5.24448 8401.77
5.24649 8403.04
5.24849 8403.38
5.2505 8402.86
5.25251 8401.52
5.25452 8399.41
5.25652 8396.6
5.25853 8393.13
5.26054 8389.06
5.26254 8384.44
5.26455 8379.32
5.26656 8373.77
5.26856 8367.83
5.27057 8361.55
5.27258 8354.99
5.27458 8348.21
5.27659 8341.26
5.2786 8334.19
5.2806 8327.06
5.28261 8319.91
5.28462 8312.81
5.28662 8305.8
5.28863 8298.95
5.29064 8292.3
5.29264 8285.91
5.29465 8279.83
5.29666 8274.12
5.29866 8268.82
5.30067 8264
5.30268 8259.71
5.30468 8256
5.30669 8252.92
5.3087 8250.53
5.3107 8248.88
5.31271 8248.03
5.31472 8248.03
5.31672 8248.94
5.31873 8250.8
5.32074 8253.67
5.32274 8257.61
5.32475 8262.66
5.32676 8268.89
5.32876 8276.35
5.33077 8285.08
5.33278 8295.15
5.33478 8306.6
5.33679 8319.42
5.3388 8333.55
5.3408 8348.96
5.34281 8365.58
5.34482 8383.38
5.34682 8402.3
5.34883 8422.29
5.35084 8443.3
5.35284 8465.3
5.35485 8488.21
5.35686 8512.01
5.35886 8536.63
5.36087 8562.04
5.36288 8588.17
5.36488 8614.99
5.36689 8642.43
5.3689 8670.46
5.3709 8699.03
5.37291 8728.08
5.37492 8757.57
5.37692 8787.45
5.37893 8817.66
5.38094 8848.16
5.38294 8878.91
5.38495 8909.85
5.38696 8940.93
5.38896 8972.1
5.39097 9003.32
5.39298 9034.53
5.39498 9065.69
5.39699 9096.75
5.399 9127.66
5.401 9158.36
5.40301 9188.82
5.40502 9218.98
5.40702 9248.79
5.40903 9278.21
5.41104 9307.18
5.41304 9335.66
5.41505 9363.6
5.41706 9390.94
5.41906 9417.64
5.42107 9443.65
5.42308 9468.93
5.42508 9493.41
5.42709 9517.06
5.4291 9539.82
5.4311 9561.65
5.43311 9582.5
5.43512 9602.31
5.43712 9621.04
5.43913 9638.64
5.44114 9655.06
5.44314 9670.25
5.44515 9684.16
5.44716 9696.79
5.44916 9708.17
5.45117 9718.35
5.45318 9727.37
5.45518 9735.29
5.45719 9742.15
5.4592 9748
5.4612 9752.88
5.46321 9756.84
5.46522 9759.93
5.46722 9762.19
5.46923 9763.67
5.47124 9764.41
5.47324 9764.47
5.47525 9763.9
5.47726 9762.72
5.47926 9761
5.48127 9758.78
5.48328 9756.11
5.48528 9753.03
5.48729 9749.59
5.4893 9745.83
5.4913 9741.81
5.49331 9737.57
5.49532 9733.16
5.49732 9728.61
5.49933 9723.99
5.50134 9719.33
5.50334 9714.69
5.50535 9710.1
5.50736 9705.63
5.50936 9701.3
5.51137 9697.17
5.51338 9693.29
5.51538 9689.71
5.51739 9686.46
5.5194 9683.6
5.5214 9681.17
5.52341 9679.22
5.52542 9677.79
5.52742 9676.94
5.52943 9676.71
5.53144 9677.14
5.53344 9678.28
5.53545 9680.19
5.53746 9682.9
5.53946 9686.46
5.54147 9690.92
5.54348 9696.33
5.54548 9702.72
5.54749 9710.16
5.5495 9718.69
5.55151 9728.34
5.55351 9739.17
5.55552 9751.23
5.55753 9764.55
5.55953 9779.1
5.56154 9794.84
5.56355 9811.72
5.56555 9829.72
5.56756 9848.78
5.56957 9868.86
5.57157 9889.92
5.57358 9911.92
5.57559 9934.81
5.57759 9958.57
5.5796 9983.13
5.58161 10008.5
5.58361 10034.5
5.58562 10061.3
5.58763 10088.7
5.58963 10116.7
5.59164 10145.3
5.59365 10174.4
5.59565 10203.9
5.59766 10233.9
5.59967 10264.3
5.60167 10295.1
5.60368 10326.1
5.60569 10357.5
5.60769 10389
5.6097 10420.8
5.61171 10452.7
5.61371 10484.7
5.61572 10516.7
5.61773 10548.8
5.61973 10580.9
5.62174 10612.8
5.62375 10644.7
5.62575 10676.4
5.62776 10708
5.62977 10739.3
5.63177 10770.3
5.63378 10801
5.63579 10831.4
5.63779 10861.4
5.6398 10890.9
5.64181 10919.9
5.64381 10948.4
5.64582 10976.3
5.64783 11003.7
5.64983 11030.4
5.65184 11056.3
5.65385 11081.6
5.65585 11106.1
5.65786 11129.7
5.65987 11152.5
5.66187 11174.4
5.66388 11195.4
5.66589 11215.4
5.66789 11234.3
5.6699 11252.2
5.67191 11269.2
5.67391 11285.2
5.67592 11300.2
5.67793 11314.4
5.67993 11327.8
5.68194 11340.4
5.68395 11352.2
5.68595 11363.2
5.68796 11373.6
5.68997 11383.3
5.69197 11392.4
5.69398 11400.9
5.69599 11408.9
5.69799 11416.4
5.7 11423.3
